7FFD  0000  //  0  1.000  0.000
7FD5  0000  //  1  0.999  0.000
7F5F  0000  //  2  0.995  0.000
7E9A  0000  //  3  0.989  0.000
7D87  0000  //  4  0.981  0.000
7C27  0000  //  5  0.970  0.000
7A7A  0000  //  6  0.957  0.000
7881  0000  //  7  0.941  0.000
763F  0000  //  8  0.924  0.000
73B3  0000  //  9  0.904  0.000
70E0  0000  // 10  0.882  0.000
6DC7  0000  // 11  0.858  0.000
6A6B  0000  // 12  0.831  0.000
66CD  0000  // 13  0.803  0.000
62EF  0000  // 14  0.773  0.000
5ED5  0000  // 15  0.741  0.000
5A80  0000  // 16  0.707  0.000
55F3  0000  // 17  0.671  0.000
5132  0000  // 18  0.634  0.000
4C3E  0000  // 19  0.596  0.000
471B  0000  // 20  0.556  0.000
41CC  0000  // 21  0.514  0.000
3C55  0000  // 22  0.471  0.000
36B9  0000  // 23  0.428  0.000
30FB  0000  // 24  0.383  0.000
2B1E  0000  // 25  0.337  0.000
2527  0000  // 26  0.290  0.000
1F19  0000  // 27  0.243  0.000
18F8  0000  // 28  0.195  0.000
12C8  0000  // 29  0.147  0.000
0C8C  0000  // 30  0.098  0.000
0648  0000  // 31  0.049  0.000
0000  0000  // 32  0.000  0.000
F9B8  0000  // 33 -0.049  0.000
F374  0000  // 34 -0.098  0.000
ED38  0000  // 35 -0.147  0.000
E708  0000  // 36 -0.195  0.000
E0E7  0000  // 37 -0.243  0.000
DAD9  0000  // 38 -0.290  0.000
D4E2  0000  // 39 -0.337  0.000
CF05  0000  // 40 -0.383  0.000
C947  0000  // 41 -0.428  0.000
C3AB  0000  // 42 -0.471  0.000
BE34  0000  // 43 -0.514  0.000
B8E5  0000  // 44 -0.556  0.000
B3C2  0000  // 45 -0.596  0.000
AECE  0000  // 46 -0.634  0.000
AA0D  0000  // 47 -0.671  0.000
A580  0000  // 48 -0.707  0.000
A12B  0000  // 49 -0.741  0.000
9D11  0000  // 50 -0.773  0.000
9933  0000  // 51 -0.803  0.000
9595  0000  // 52 -0.831  0.000
9239  0000  // 53 -0.858  0.000
8F20  0000  // 54 -0.882  0.000
8C4D  0000  // 55 -0.904  0.000
89C1  0000  // 56 -0.924  0.000
877F  0000  // 57 -0.941  0.000
8586  0000  // 58 -0.957  0.000
83D9  0000  // 59 -0.970  0.000
8279  0000  // 60 -0.981  0.000
8166  0000  // 61 -0.989  0.000
80A1  0000  // 62 -0.995  0.000
802B  0000  // 63 -0.999  0.000
8003  0000  // 64 -1.000  0.000
802B  0000  // 65 -0.999  0.000
80A1  0000  // 66 -0.995  0.000
8166  0000  // 67 -0.989  0.000
8279  0000  // 68 -0.981  0.000
83D9  0000  // 69 -0.970  0.000
8586  0000  // 70 -0.957  0.000
877F  0000  // 71 -0.941  0.000
89C1  0000  // 72 -0.924  0.000
8C4D  0000  // 73 -0.904  0.000
8F20  0000  // 74 -0.882  0.000
9239  0000  // 75 -0.858  0.000
9595  0000  // 76 -0.831  0.000
9933  0000  // 77 -0.803  0.000
9D11  0000  // 78 -0.773  0.000
A12B  0000  // 79 -0.741  0.000
A580  0000  // 80 -0.707  0.000
AA0D  0000  // 81 -0.671  0.000
AECE  0000  // 82 -0.634  0.000
B3C2  0000  // 83 -0.596  0.000
B8E5  0000  // 84 -0.556  0.000
BE34  0000  // 85 -0.514  0.000
C3AB  0000  // 86 -0.471  0.000
C947  0000  // 87 -0.428  0.000
CF05  0000  // 88 -0.383  0.000
D4E2  0000  // 89 -0.337  0.000
DAD9  0000  // 90 -0.290  0.000
E0E7  0000  // 91 -0.243  0.000
E708  0000  // 92 -0.195  0.000
ED38  0000  // 93 -0.147  0.000
F374  0000  // 94 -0.098  0.000
F9B8  0000  // 95 -0.049  0.000
0000  0000  // 96 -0.000  0.000
0648  0000  // 97  0.049  0.000
0C8C  0000  // 98  0.098  0.000
12C8  0000  // 99  0.147  0.000
18F8  0000  // 100  0.195  0.000
1F19  0000  // 101  0.243  0.000
2527  0000  // 102  0.290  0.000
2B1E  0000  // 103  0.337  0.000
30FB  0000  // 104  0.383  0.000
36B9  0000  // 105  0.428  0.000
3C55  0000  // 106  0.471  0.000
41CC  0000  // 107  0.514  0.000
471B  0000  // 108  0.556  0.000
4C3E  0000  // 109  0.596  0.000
5132  0000  // 110  0.634  0.000
55F3  0000  // 111  0.671  0.000
5A80  0000  // 112  0.707  0.000
5ED5  0000  // 113  0.741  0.000
62EF  0000  // 114  0.773  0.000
66CD  0000  // 115  0.803  0.000
6A6B  0000  // 116  0.831  0.000
6DC7  0000  // 117  0.858  0.000
70E0  0000  // 118  0.882  0.000
73B3  0000  // 119  0.904  0.000
763F  0000  // 120  0.924  0.000
7881  0000  // 121  0.941  0.000
7A7A  0000  // 122  0.957  0.000
7C27  0000  // 123  0.970  0.000
7D87  0000  // 124  0.981  0.000
7E9A  0000  // 125  0.989  0.000
7F5F  0000  // 126  0.995  0.000
7FD5  0000  // 127  0.999  0.000
