7FFD  0000  //  0  1.000  0.000
7F5F  0000  //  1  0.995  0.000
7D87  0000  //  2  0.981  0.000
7A7A  0000  //  3  0.957  0.000
763F  0000  //  4  0.924  0.000
70E0  0000  //  5  0.882  0.000
6A6B  0000  //  6  0.831  0.000
62EF  0000  //  7  0.773  0.000
5A80  0000  //  8  0.707  0.000
5132  0000  //  9  0.634  0.000
471B  0000  // 10  0.556  0.000
3C55  0000  // 11  0.471  0.000
30FB  0000  // 12  0.383  0.000
2527  0000  // 13  0.290  0.000
18F8  0000  // 14  0.195  0.000
0C8C  0000  // 15  0.098  0.000
0000  0000  // 16  0.000  0.000
F374  0000  // 17 -0.098  0.000
E708  0000  // 18 -0.195  0.000
DAD9  0000  // 19 -0.290  0.000
CF05  0000  // 20 -0.383  0.000
C3AB  0000  // 21 -0.471  0.000
B8E5  0000  // 22 -0.556  0.000
AECE  0000  // 23 -0.634  0.000
A580  0000  // 24 -0.707  0.000
9D11  0000  // 25 -0.773  0.000
9595  0000  // 26 -0.831  0.000
8F20  0000  // 27 -0.882  0.000
89C1  0000  // 28 -0.924  0.000
8586  0000  // 29 -0.957  0.000
8279  0000  // 30 -0.981  0.000
80A1  0000  // 31 -0.995  0.000
8003  0000  // 32 -1.000  0.000
80A1  0000  // 33 -0.995  0.000
8279  0000  // 34 -0.981  0.000
8586  0000  // 35 -0.957  0.000
89C1  0000  // 36 -0.924  0.000
8F20  0000  // 37 -0.882  0.000
9595  0000  // 38 -0.831  0.000
9D11  0000  // 39 -0.773  0.000
A580  0000  // 40 -0.707  0.000
AECE  0000  // 41 -0.634  0.000
B8E5  0000  // 42 -0.556  0.000
C3AB  0000  // 43 -0.471  0.000
CF05  0000  // 44 -0.383  0.000
DAD9  0000  // 45 -0.290  0.000
E708  0000  // 46 -0.195  0.000
F374  0000  // 47 -0.098  0.000
0000  0000  // 48 -0.000  0.000
0C8C  0000  // 49  0.098  0.000
18F8  0000  // 50  0.195  0.000
2527  0000  // 51  0.290  0.000
30FB  0000  // 52  0.383  0.000
3C55  0000  // 53  0.471  0.000
471B  0000  // 54  0.556  0.000
5132  0000  // 55  0.634  0.000
5A80  0000  // 56  0.707  0.000
62EF  0000  // 57  0.773  0.000
6A6B  0000  // 58  0.831  0.000
70E0  0000  // 59  0.882  0.000
763F  0000  // 60  0.924  0.000
7A7A  0000  // 61  0.957  0.000
7D87  0000  // 62  0.981  0.000
7F5F  0000  // 63  0.995  0.000
